17.537
15.845
15.449
12.710
15.499
16.450
14.695
14.878
15.350
12.909
12.873
13.278
15.591
14.550
16.078
15.438
14.741
15.495
15.719
15.462
14.998
15.393
14.713
14.383
14.590
14.237
14.740
12.922
16.181
14.445
14.449
15.664
14.662
15.324
15.557
12.811
14.964
15.950
11.685
14.293
15.420
13.828
14.148
14.085
14.471
14.562
13.430
13.488
14.677
15.277
14.099
16.029
16.942
15.405
12.610
15.947
14.615
14.538
11.153
13.836
12.591
15.721
15.944
12.267
14.949
13.602
13.115
15.664
13.502
15.372
15.168
14.033
15.976
13.062
13.742
15.475
12.468
14.175
14.504
13.217
14.165
12.170
14.638
16.058
13.554
15.368
16.764
14.540
14.937
13.318
14.428
15.017
15.512
14.598
15.404
14.335
13.815
14.078
14.014
14.077
14.490
11.533
15.041
14.840
14.678
13.026
13.898
12.470
15.361
17.166
15.677
14.162
14.500
13.916
13.238
12.953
14.071
14.776
13.574
14.013
14.764
14.402
14.609
15.163
14.253
13.847
14.859
15.548
13.357
14.640
14.315
14.253
14.024
13.139
12.389
15.156
14.009
12.896
14.529
14.572
14.011
14.295
12.595
15.328
12.753
13.891
13.627
14.453
13.565
14.359
12.699
13.486
13.775
13.799
14.657
14.530
16.608
14.543
11.616
11.495
14.025
12.408
13.966
12.511
13.949
13.293
16.041
14.648
14.542
13.694
14.211
12.869
15.521
15.664
14.227
13.338
14.162
15.087
13.546
13.339
14.444
15.586
13.865
13.884
14.747
14.583
15.062
11.843
14.395
13.808
14.474
11.872
14.528
14.450
15.052
14.308
13.785
14.066
14.707
12.963
12.141
13.883
13.045
14.830
12.817
14.782
15.705
12.858
14.091
14.115
14.617
14.917
13.947
14.531
14.966
12.337
14.824
16.235
15.973
15.406
14.476
15.474
15.701
15.308
14.178
14.997
12.859
12.626
15.141
15.051
14.236
15.596
16.032
15.163
14.354
15.341
13.891
12.053
13.746
15.988
14.560
14.252
14.745
16.042
15.436
14.680
11.175
14.697
14.276
14.026
15.163
15.733
14.043
14.917
15.798
14.135
15.296
15.086
13.476
15.820
17.074
15.476
15.404
13.727
13.942
14.687
15.888
12.595
16.367
14.931
15.757
16.020
15.628
15.598
15.509
15.134
12.796
15.117
13.889
14.885
18.052
14.928
16.109
15.555
15.264
16.402
15.496
16.323
16.253
14.353
16.285
15.447
14.358
14.113
14.676
14.215
14.599
13.952
13.856
13.158
15.930
14.766
15.380
14.731
15.799
14.235
15.383
15.202
13.821
14.318
14.411
12.450
13.748
14.340
15.850
13.790
15.191
13.946
10.885
15.479
14.967
14.936
14.743
13.951
14.573
15.961
14.510
14.868
14.840
14.539
12.971
11.828
13.691
16.988
14.983
14.957
12.580
11.874
11.714
14.392
12.185
10.749
14.995
14.141
13.752
15.137
15.050
14.379
12.266
16.833
14.177
14.558
15.722
16.180
16.052
15.562
15.141
14.860
13.875
16.212
