-11.790
-10.694
 -9.452
 -5.140
-13.515
-10.591
 -8.825
-11.687
-11.687
 -7.633
-11.347
-10.284
-11.046
 -9.991
 -9.083
-11.339
-11.183
-10.845
-11.418
-10.160
-10.091
 -8.662
 -9.497
-12.647
-10.019
-10.206
-10.388
 -8.359
-10.374
-12.318
-12.279
-10.775
-10.706
-11.042
-12.452
-10.481
-10.611
 -9.825
-11.740
-11.163
 -8.558
-12.693
-13.509
-10.578
-14.205
-13.294
-10.922
 -9.227
-13.340
-12.565
-11.478
-12.360
-10.584
-10.962
-10.557
 -9.803
 -8.478
-12.717
-10.229
 -6.700
-11.649
 -9.199
-10.929
 -9.696
-10.682
 -8.759
 -6.970
 -7.365
-10.210
-12.667
 -7.741
 -9.372
-11.747
 -7.273
 -9.088
 -8.000
 -9.253
 -7.190
 -8.730
 -8.079
 -7.509
