# 2002ApJ...573..366M
99.00
99.00
10.56
99.00
99.  
99.  
10.89
12.52
 8.84
99.  
12.54
12.12
11.82
12.60
12.38
99.  
 9.98
99.  
11.84
99.  
12.95
13.39
12.95
12.00
12.58
11.22
11.84
14.37
 9.77
99.  
11.67
11.18
99.  
10.64
11.61
99.  
10.22
99.  
13.62
99.  
99.  
10.12
99.  
10.24
99.  
99.  
 8.81
12.65
 9.99
12.94
13.36
12.44
14.41
99.  
13.11
11.08
99.  
14.37
 9.77
99.  
12.66
99.  
99.  
16.16
12.48
15.94
11.76
99.  
99.  
10.56
10.72
99.  
99.  
15.33
13.81
99.  
11.32
11.00
11.10
12.11
 7.59
12.02
 9.94
10.96
11.45
11.55
11.50
 8.73
12.90
99.  
12.11
11.93
11.18
11.68
11.68
10.50
11.10
99.  
99.  
12.07
10.70
12.13
99.  
99.  
99.  
99.  
12.64
11.06
11.29
10.39
11.94
12.90
99.  
99.  
99.  
11.12
11.32
14.68
11.96
15.32
13.02
 6.32
14.53
99.  
99.  
13.48
99.  
14.39
11.24
 9.18
12.08
 4.89
99.  
 9.68
11.19
12.46
10.90
10.96
10.21
99.  
 8.14
99.  
99.  
99.  
11.30
99.  
99.  
13.96
99.  
12.82
99.  
13.12
 9.57
12.24
11.77
11.11
99.  
99.00
 9.52
99.  
99.  
12.19
11.24
99.  
12.67
10.51
12.74
11.34
 9.11
15.96
13.37
11.56
99.  
14.10
99.  
13.90
12.66
13.07
11.47
99.  
12.11
 9.76
11.67
99.  
99.  
12.74
14.83
10.44
11.19
99.  
99.  
13.15
11.56
12.04
99.  
99.  
99.  
11.10
99.  
 9.16
15.13
12.25
99.  
99.  
11.25
11.49
99.  
 9.27
11.58
99.  
 9.11
12.43
99.  
99.  
11.32
10.88
12.14
99.  
 9.54
99.  
12.31
11.49
11.69
12.96
99.  
99.  
11.69
11.04
14.01
12.98
11.41
10.23
11.88
14.03
13.31
10.43
99.  
99.  
11.18
12.61
11.45
10.30
10.10
16.23
12.50
99.  
13.04
10.33
99.  
99.  
10.64
12.15
 8.90
99.  
13.92
 8.61
11.79
 8.68
 9.89
11.63
12.16
99.  
99.  
10.92
99.  
10.69
11.63
11.70
99.  
11.86
 9.98
12.65
11.30
99.  
99.  
99.  
99.  
11.41
 9.46
11.86
10.56
11.89
99.00
99.  
11.40
13.62
10.05
99.  
13.14
99.  
11.80
11.18
 9.39
10.54
99.  
10.56
11.93
99.  
 8.79
12.38
12.15
11.96
99.  
99.00
14.38
99.  
 7.13
99.  
10.22
14.15
 8.46
13.00
 9.61
99.  
99.  
 9.95
10.73
11.55
10.91
99.  
99.  
99.  
12.73
 9.86
10.16
14.01
12.17
11.71
 7.89
11.05
 8.67
10.13
12.26
99.  
99.  
99.  
12.04
11.80
99.  
11.35
 9.46
11.85
99.  
10.06
99.  
10.89
 9.43
10.37
12.10
 9.64
12.27
99.  
11.84
11.32
 9.23
 9.25
13.80
 7.75
11.70
99.  
99.  
 9.37
 7.84
99.  
 9.32
13.45
11.05
11.33
12.57
12.40
13.75
11.99
99.  
10.40
12.38
99.  
11.06
12.43
12.27
99.  
 9.30
99.  
99.  
11.87
99.00
10.13
10.74
99.  
99.  
13.28
99.  
99.  
10.47
 9.40
13.07
99.  
 9.59
99.  
99.  
99.  
12.44
99.00
99.  
10.47
 8.38
99.  
13.58
99.  
12.07
99.  
11.65
99.  
15.57
12.38
11.95
99.  
10.41
 4.41
99.  
99.  
99.  
 8.37
 9.68
13.29
99.  
11.77
 8.81
99.  
 9.55
99.  
12.08
10.98
99.  
11.33
15.16
99.  
99.  
12.88
10.75
 9.55
 5.69
99.  
99.  
 8.88
11.52
10.25
12.43
11.75
13.72
99.  
10.22
 9.69
12.14
99.  
99.  
99.  
12.65
99.  
11.74
 5.65
 7.51
11.39
 9.38
99.  
99.  
99.  
10.59
 6.90
 9.98
10.33
99.  
10.28
99.  
12.29
11.65
99.  
99.  
12.40
12.98
 6.43
99.  
99.  
99.  
12.72
99.  
11.55
 9.92
10.26
99.  
99.  
12.57
99.  
12.45
99.  
14.17
12.20
99.  
12.78
12.48
12.53
11.45
10.83
11.60
10.66
 9.77
13.24
10.91
99.  
11.77
99.  
 9.27
13.77
12.66
11.01
99.  
 8.74
99.  
99.  
99.  
12.42
11.03
 8.83
99.  
 9.05
99.  
 9.03
10.57
12.02
 8.10
99.  
15.80
99.  
10.21
11.97
12.10
99.  
99.  
12.55
12.87
 8.62
15.26
 9.73
10.66
 9.92
99.  
13.12
14.45
13.61
14.51
11.44
11.57
99.  
11.84
99.  
10.41
99.  
99.  
99.  
11.07
10.49
10.51
 9.77
11.81
99.00
99.  
12.67
10.93
10.75
99.  
99.  
10.35
12.26
 9.49
11.31
 7.58
99.  
99.  
99.  
12.52
99.  
11.20
99.  
99.  
10.83
10.28
99.  
99.  
99.  
12.98
11.96
99.  
99.  
99.  
 8.66
99.  
99.  
11.61
99.  
99.  
99.  
99.  
 9.68
11.18
99.  
99.  
 8.55
11.61
 9.25
99.  
11.82
 8.77
99.  
15.96
99.  
10.71
99.  
99.  
13.04
99.  
10.97
99.  
99.  
 9.14
11.30
 9.69
 8.71
13.21
10.99
10.32
99.  
11.14
11.44
11.48
99.00
10.83
12.52
99.  
99.  
12.85
12.05
99.  
10.51
99.  
99.  
99.  
12.31
99.  
10.54
11.95
99.  
99.  
99.  
99.  
11.94
11.08
12.01
11.78
12.04
10.06
99.  
99.  
13.26
11.41
11.37
99.  
11.27
99.  
10.54
99.  
99.  
11.01
99.  
12.48
99.00
 9.51
99.  
 9.12
99.  
12.19
10.42
11.62
99.  
10.14
99.  
99.  
 9.95
13.96
99.00
12.97
99.  
99.  
10.04
99.  
99.  
 9.97
99.  
99.  
10.78
12.30
99.  
10.87
13.62
99.  
 8.05
12.42
10.66
 9.74
13.66
99.  
11.90
12.80
99.  
11.86
11.15
99.  
99.  
99.  
99.  
99.  
99.  
99.  
10.34
99.  
13.55
99.  
13.05
12.22
99.  
99.  
13.17
11.27
99.  
12.24
12.50
12.32
14.38
 8.86
12.01
12.14
99.  
99.  
 9.87
12.10
99.  
99.  
14.44
12.12
99.  
10.79
11.00
 9.11
10.33
13.71
10.15
11.46
11.94
99.  
13.50
10.45
 9.78
 7.10
10.95
12.83
12.96
11.93
12.58
99.  
99.  
 9.78
10.79
11.48
12.04
10.04
99.  
13.42
99.  
11.62
12.98
11.04
99.  
11.82
11.22
99.  
99.00
99.  
99.  
99.  
10.05
99.  
10.01
12.39
12.64
99.  
13.83
11.54
99.  
99.  
 9.58
11.54
14.18
99.  
13.41
99.  
99.  
12.49
 9.86
99.  
11.54
12.80
99.  
 9.52
99.  
 8.89
99.  
99.  
 7.49
99.  
11.98
99.  
12.16
10.88
13.19
10.40
10.31
13.29
99.  
12.17
15.60
11.50
12.26
99.  
99.  
12.93
99.  
15.19
10.41
11.75
12.46
 9.95
99.  
11.86
12.74
14.92
 9.95
99.  
13.74
99.  
 9.72
99.  
11.63
10.89
99.  
13.11
11.23
13.47
 8.19
12.97
99.  
12.55
99.  
10.94
14.97
99.  
12.56
 9.48
99.  
13.47
10.28
11.51
12.43
 9.56
99.  
14.08
10.85
12.83
12.93
99.  
15.11
 9.31
12.73
12.46
11.61
13.01
11.35
99.  
99.  
12.10
12.95
13.04
12.22
16.44
 9.83
99.  
13.92
12.09
 9.93
99.  
11.93
 9.25
11.45
10.28
99.  
10.12
10.95
14.93
13.20
10.24
13.26
 8.37
10.67
12.54
14.05
11.91
10.88
16.08
 9.36
12.36
99.  
10.60
99.  
12.75
13.36
99.  
10.08
12.74
11.68
99.  
99.  
99.  
12.62
11.36
 5.91
13.01
11.48
99.  
 9.66
13.08
14.82
99.  
10.38
10.92
10.50
13.97
17.61
99.  
13.19
99.  
12.18
13.76
14.09
99.  
99.  
11.45
99.  
99.  
99.  
99.  
12.07
10.30
99.  
10.32
 9.87
10.67
12.24
13.10
16.15
11.00
 9.00
99.  
99.  
15.20
11.63
13.67
12.89
16.49
16.20
12.44
14.63
12.68
14.04
 9.23
99.  
14.45
99.  
15.17
 9.48
99.  
11.46
11.54
12.43
 7.37
 9.10
13.01
12.29
11.26
10.42
12.83
12.83
10.20
12.53
 9.76
15.82
10.41
11.76
15.05
12.07
10.74
12.19
13.88
14.44
99.  
15.06
11.95
12.57
14.55
10.52
11.34
13.15
 9.45
16.03
12.34
13.13
11.05
12.83
11.12
11.60
99.  
14.60
14.17
11.81
12.38
13.42
14.13
16.05
15.10
14.95
 9.10
13.44
16.56
 9.77
10.56
99.  
12.35
14.52
11.50
12.64
11.04
10.77
11.24
11.50
14.31
11.48
11.42
12.06
13.68
 8.32
11.15
10.06
11.71
