# 2015MNRAS.446..730V
18.804
18.705
18.835
17.641
18.049
17.798
18.565
17.934
18.456
18.8  
18.823
17.329
18.631
17.748
17.559
19.147
18.526
17.738
18.034
16.844
18.11 
19.033
17.522
17.559
18.308
17.5  
17.925
15.939
14.978
17.89 
17.629
18.797
19.132
19.289
18.207
19.249
17.574
14.807
18.986
17.934
17.822
16.872
15.84 
16.69 
16.691
18.364
15.653
19.035
16.661
17.966
19.204
17.932
18.297
17.755
15.892
14.135
16.259
19.436
19.19 
17.918
15.798
17.473
19.107
18.341
16.024
15.843
17.018
16.014
16.736
18.958
18.951
18.185
19.062
18.919
18.715
19.64 
18.572
19.173
18.057
17.493
16.536
16.41 
-9.999
-9.999
-9.999
-9.999
-9.999
-9.999
-9.999
-9.999
-9.999
-9.999
-9.999
-9.999
-9.999
-9.999
-9.999
-9.999
-9.999
-9.999
-9.999
-9.999
-9.999
-9.999
-9.999
-9.999
-9.999
-9.999
-9.999
-9.999
-9.999
-9.999
-9.999
-9.999
-9.999
-9.999
-9.999
-9.999
-9.999
-9.999
-9.999
-9.999
-9.999
-9.999
-9.999
-9.999
-9.999
-9.999
-9.999
-9.999
-9.999
-9.999
-9.999
-9.999
-9.999
-9.999
-9.999
-9.999
-9.999
-9.999
-9.999
-9.999
-9.999
-9.999
-9.999
-9.999
-9.999
-9.999
-9.999
-9.999
-9.999
-9.999
-9.999
-9.999
-9.999
-9.999
-9.999
-9.999
-9.999
-9.999
-9.999
-9.999
-9.999
-9.999
-9.999
-9.999
-9.999
-9.999
-9.999
-9.999
-9.999
-9.999
-9.999
-9.999
-9.999
-9.999
-9.999
-9.999
-9.999
-9.999
-9.999
-9.999
-9.999
-9.999
-9.999
-9.999
-9.999
-9.999
-9.999
-9.999
-9.999
-9.999
-9.999
-9.999
-9.999
-9.999
-9.999
-9.999
-9.999
-9.999
-9.999
-9.999
-9.999
-9.999
-9.999
-9.999
-9.999
-9.999
-9.999
-9.999
-9.999
-9.999
-9.999
-9.999
-9.999
-9.999
-9.999
-9.999
-9.999
-9.999
-9.999
-9.999
-9.999
-9.999
-9.999
-9.999
-9.999
-9.999
-9.999
-9.999
-9.999
-9.999
-9.999
-9.999
-9.999
-9.999
-9.999
-9.999
-9.999
-9.999
-9.999
-9.999
-9.999
-9.999
-9.999
-9.999
-9.999
-9.999
-9.999
-9.999
-9.999
-9.999
-9.999
-9.999
-9.999
-9.999
-9.999
-9.999
-9.999
-9.999
-9.999
-9.999
-9.999
-9.999
-9.999
-9.999
-9.999
-9.999
-9.999
-9.999
-9.999
-9.999
-9.999
-9.999
-9.999
-9.999
-9.999
-9.999
-9.999
-9.999
-9.999
-9.999
-9.999
-9.999
-9.999
-9.999
-9.999
-9.999
-9.999
-9.999
-9.999
-9.999
-9.999
-9.999
-9.999
-9.999
-9.999
-9.999
-9.999
-9.999
-9.999
-9.999
-9.999
-9.999
-9.999
-9.999
-9.999
-9.999
-9.999
-9.999
-9.999
-9.999
-9.999
-9.999
-9.999
-9.999
-9.999
-9.999
-9.999
-9.999
-9.999
-9.999
-9.999
-9.999
-9.999
-9.999
-9.999
-9.999
-9.999
-9.999
-9.999
-9.999
-9.999
-9.999
-9.999
-9.999
-9.999
-9.999
-9.999
-9.999
-9.999
-9.999
-9.999
-9.999
-9.999
-9.999
-9.999
-9.999
-9.999
-9.999
-9.999
-9.999
-9.999
-9.999
-9.999
-9.999
-9.999
-9.999
-9.999
-9.999
-9.999
-9.999
-9.999
-9.999
-9.999
-9.999
-9.999
-9.999
-9.999
-9.999
-9.999
-9.999
-9.999
-9.999
-9.999
-9.999
-9.999
-9.999
-9.999
-9.999
-9.999
-9.999
-9.999
-9.999
-9.999
-9.999
-9.999
-9.999
-9.999
-9.999
-9.999
-9.999
-9.999
-9.999
-9.999
-9.999
-9.999
-9.999
-9.999
-9.999
-9.999
-9.999
-9.999
-9.999
-9.999
-9.999
-9.999
-9.999
-9.999
-9.999
-9.999
-9.999
-9.999
-9.999
-9.999
-9.999
-9.999
-9.999
-9.999
-9.999
-9.999
-9.999
-9.999
-9.999
-9.999
-9.999
-9.999
-9.999
-9.999
-9.999
-9.999
-9.999
-9.999
-9.999
-9.999
-9.999
-9.999
-9.999
-9.999
-9.999
-9.999
-9.999
-9.999
-9.999
-9.999
-9.999
-9.999
-9.999
-9.999
-9.999
-9.999
-9.999
-9.999
-9.999
-9.999
-9.999
-9.999
-9.999
-9.999
-9.999
-9.999
-9.999
-9.999
-9.999
-9.999
-9.999
-9.999
-9.999
-9.999
-9.999
-9.999
-9.999
-9.999
-9.999
-9.999
-9.999
-9.999
-9.999
-9.999
-9.999
-9.999
-9.999
-9.999
-9.999
-9.999
-9.999
-9.999
-9.999
-9.999
-9.999
-9.999
-9.999
-9.999
-9.999
-9.999
-9.999
-9.999
-9.999
-9.999
-9.999
-9.999
-9.999
-9.999
-9.999
-9.999
-9.999
-9.999
-9.999
-9.999
-9.999
-9.999
-9.999
-9.999
-9.999
-9.999
-9.999
-9.999
-9.999
-9.999
-9.999
-9.999
-9.999
-9.999
-9.999
-9.999
-9.999
-9.999
-9.999
-9.999
-9.999
-9.999
-9.999
-9.999
-9.999
-9.999
-9.999
-9.999
-9.999
-9.999
-9.999
-9.999
-9.999
-9.999
-9.999
-9.999
-9.999
-9.999
-9.999
-9.999
-9.999
-9.999
-9.999
-9.999
-9.999
-9.999
-9.999
-9.999
-9.999
-9.999
-9.999
-9.999
-9.999
-9.999
-9.999
-9.999
-9.999
-9.999
-9.999
-9.999
-9.999
-9.999
-9.999
-9.999
-9.999
-9.999
-9.999
-9.999
-9.999
-9.999
-9.999
-9.999
-9.999
-9.999
-9.999
-9.999
-9.999
-9.999
-9.999
-9.999
-9.999
-9.999
-9.999
-9.999
-9.999
-9.999
-9.999
-9.999
-9.999
-9.999
-9.999
-9.999
-9.999
-9.999
-9.999
-9.999
-9.999
-9.999
-9.999
-9.999
-9.999
-9.999
-9.999
-9.999
-9.999
-9.999
-9.999
-9.999
-9.999
-9.999
-9.999
-9.999
-9.999
-9.999
-9.999
-9.999
-9.999
-9.999
-9.999
-9.999
-9.999
-9.999
-9.999
-9.999
-9.999
-9.999
-9.999
-9.999
-9.999
-9.999
-9.999
-9.999
-9.999
-9.999
-9.999
-9.999
-9.999
-9.999
-9.999
-9.999
-9.999
-9.999
-9.999
-9.999
-9.999
-9.999
-9.999
-9.999
-9.999
-9.999
-9.999
-9.999
-9.999
-9.999
-9.999
-9.999
-9.999
-9.999
-9.999
-9.999
-9.999
-9.999
-9.999
-9.999
-9.999
-9.999
-9.999
-9.999
-9.999
-9.999
-9.999
-9.999
-9.999
-9.999
-9.999
-9.999
-9.999
-9.999
-9.999
-9.999
-9.999
-9.999
-9.999
-9.999
-9.999
-9.999
-9.999
-9.999
-9.999
-9.999
-9.999
-9.999
-9.999
-9.999
-9.999
-9.999
-9.999
-9.999
-9.999
-9.999
-9.999
-9.999
-9.999
-9.999
-9.999
-9.999
-9.999
-9.999
-9.999
-9.999
-9.999
-9.999
-9.999
-9.999
-9.999
-9.999
-9.999
-9.999
-9.999
-9.999
-9.999
-9.999
-9.999
-9.999
-9.999
-9.999
-9.999
-9.999
-9.999
-9.999
-9.999
-9.999
-9.999
-9.999
-9.999
-9.999
-9.999
-9.999
-9.999
-9.999
-9.999
-9.999
-9.999
-9.999
-9.999
-9.999
-9.999
-9.999
-9.999
-9.999
-9.999
-9.999
-9.999
-9.999
-9.999
-9.999
-9.999
-9.999
-9.999
-9.999
-9.999
-9.999
-9.999
-9.999
-9.999
-9.999
-9.999
-9.999
-9.999
-9.999
-9.999
-9.999
-9.999
-9.999
-9.999
-9.999
-9.999
-9.999
-9.999
-9.999
-9.999
-9.999
-9.999
-9.999
-9.999
-9.999
-9.999
-9.999
-9.999
-9.999
-9.999
-9.999
-9.999
-9.999
-9.999
-9.999
-9.999
-9.999
-9.999
-9.999
-9.999
-9.999
-9.999
-9.999
-9.999
-9.999
-9.999
-9.999
-9.999
-9.999
-9.999
-9.999
-9.999
-9.999
-9.999
-9.999
-9.999
-9.999
-9.999
-9.999
-9.999
-9.999
-9.999
-9.999
-9.999
-9.999
-9.999
-9.999
-9.999
-9.999
-9.999
-9.999
-9.999
-9.999
-9.999
-9.999
-9.999
-9.999
-9.999
-9.999
-9.999
-9.999
-9.999
-9.999
-9.999
-9.999
-9.999
-9.999
-9.999
-9.999
-9.999
-9.999
-9.999
-9.999
-9.999
16.726
19.028
18.952
16.027
19.394
16.727
19.178
17.701
18.343
13.735
17.708
17.994
18.643
18.341
17.821
17.799
